setups:
1. GELECTRA
2. GELECTRA + GBERT
3. GBERT
4. GELECTRA + GBERT single-label

mean scores:
[[[], [], [], [], []], [[], [], [], [], []], [[], [], [], [], []], [[0.7484710297866434, 0.7559703601931451, 0.7579913316040161, 0.7590566281553787, 0.7598285989998558, 0.760319120272915, 0.7603215926922507, 0.7608927370056807, 0.7606504011507936, 0.7608720073334141, 0.761104575193766, 0.7608063118089508, 0.7611482234683015, 0.7612666187222805, 0.7612075704648554, 0.7614262845378985, 0.7614245264055044, 0.7614055832661536, 0.7614789733387387, 0.7615107194277685, 0.7616528954720987, 0.7614636423121418, 0.7616597674320601, 0.7617423916771168, 0.7616291815354508, 0.7617056032433813, 0.7616412134928876, 0.7617426613163039, 0.7618184778485907, 0.761884937956921], [0.7485124596883119, 0.7559541671796521, 0.7589329714298549, 0.7602664802194568, 0.7608702400206695, 0.761548210116675, 0.7619585555676015, 0.7621132528745483, 0.7621746394147442, 0.762546126506287, 0.7626372136778766, 0.7624872626920992, 0.7627934839325654, 0.7627555567494433, 0.7629191401108429, 0.7628915757028706, 0.7628012175679525, 0.7629259436248581, 0.7628651144750761, 0.7629376157957692, 0.7630281317370868, 0.7629819437402252, 0.7631697155024131, 0.7630352101732848, 0.7629513395635833, 0.7631213769229496, 0.7629879968407083, 0.763087139971547, 0.7633198973226747, 0.7631945242237597], [0.7553009238576808, 0.7632186870239107, 0.7657056780228234, 0.7672100722987814, 0.7681119679934657, 0.7686003604024265, 0.769558593057945, 0.769500320666421, 0.7697497665053925, 0.7698513929520595, 0.7700115685113326, 0.7699889413676919, 0.770378010683111, 0.7698592056933631, 0.7703251311638212, 0.7701427109198351, 0.7701495208585508, 0.7701971218896965, 0.7702984904814723, 0.7702541735138052, 0.7703487139335756, 0.7702078798595373, 0.7702635688802988, 0.7702871190142748, 0.7702853963760292, 0.7701263640895037, 0.7701758112127429, 0.7701591859945648, 0.7701317703522828, 0.7703327491580865], [0.7609595448413938, 0.7688584918382604, 0.7718625351360577, 0.773444433409768, 0.7744267692010214, 0.7752101516937162, 0.7758467249878592, 0.7760691460587538, 0.7763185869643834, 0.7766327755472605, 0.7769385652086261, 0.7770718374032313, 0.7772440507197398, 0.7772521126752749, 0.7775808247889766, 0.7776703250846708, 0.7774907009020996, 0.7776846521060199, 0.7776075744582301, 0.7778602879374357, 0.7778575586426318, 0.7780561678707838, 0.77797941911219, 0.7779753337402978, 0.7778162888523057, 0.7779112433847278, 0.777897140108681, 0.778142936292204, 0.7782495784469433, 0.7780446749673837], [0.7540932478241084, 0.7599087508069697, 0.7621161036552135, 0.76346828433429, 0.7638909372232505, 0.7643763612082097, 0.7644673701555664, 0.764788055056144, 0.7650275871875041, 0.7653338438063875, 0.7652798790983844, 0.7653400159057091, 0.7654634328738168, 0.7654446094667242, 0.7657452207872336, 0.765726339259502, 0.7656931286795992, 0.7658716060461759, 0.7657425575585094, 0.7659907537323843, 0.7658291254420233, 0.7661826228837851, 0.7660667083474365, 0.7659644457654841, 0.7659011242749512, 0.7662677228892902, 0.7662765315201076, 0.7660082543827761, 0.7663185664630479, 0.7661560436488806]]]

std scores:
[[[], [], [], [], []], [[], [], [], [], []], [[], [], [], [], []], [[0.009713276192441781, 0.006287643828960682, 0.005144544065008344, 0.004769711050216102, 0.0043606656388796945, 0.0038084892009188267, 0.0036112665378119522, 0.0034576255401484826, 0.0033511581919887586, 0.0032222401683288646, 0.0031936828299993256, 0.0031187640639095014, 0.003016530906761124, 0.0029839557537859056, 0.0030434593970154362, 0.0027668149282397015, 0.0027599193864399113, 0.0028117216969019824, 0.0027925504867408264, 0.0026081656608732493, 0.002690532003380337, 0.0026008360511708506, 0.0026928676924328847, 0.0024721713696476896, 0.0025370306313307707, 0.0024590068452946118, 0.0024952185821786113, 0.002513789495677881, 0.002263441979932195, 0.002280435203524727], [0.008065703097835967, 0.005778835694578015, 0.004859205133553433, 0.004677244398650616, 0.004363254306018756, 0.003921944084133595, 0.003909720166502101, 0.003652764562657868, 0.0035279375449517123, 0.0035340642996949745, 0.003358252252328284, 0.003250918080144929, 0.0031386159676467995, 0.0030157040596730075, 0.0030234511338358356, 0.0030815741359421986, 0.002963097455956666, 0.0029276932444458684, 0.002840016297519559, 0.0027955902803393864, 0.0029181415930337193, 0.002730388599459106, 0.0027381119322413354, 0.0027175192364905934, 0.0026252261450237413, 0.002488495294727995, 0.0026783225243067364, 0.0025147238510887337, 0.002602654130699024, 0.002506531684341574], [0.008454367337680152, 0.005798793954221367, 0.0050448768381635535, 0.004666221470012949, 0.0044502906547329146, 0.003862048942417008, 0.003970986566379235, 0.0037051711206888514, 0.0034282375708092356, 0.0035202620144285965, 0.0034645019640088246, 0.003448682198663287, 0.0032970301276648234, 0.003252772220270647, 0.0030027374313841373, 0.003043500089530791, 0.0031070798929879956, 0.0030772233913825653, 0.0029321708472975555, 0.0029431947984894027, 0.002924798377872815, 0.002828517903373087, 0.0028870620564034784, 0.002858253187764382, 0.0028437635587515234, 0.002589516564342221, 0.0027789608700000616, 0.0026705591003348328, 0.002713878287837909, 0.0027590442312831463], [0.007811978880003149, 0.005788974995032292, 0.005320587395207208, 0.004837799417017063, 0.004436047689151542, 0.004349927117088304, 0.00406913432327383, 0.004055553270038268, 0.003951429389859324, 0.00387381478213531, 0.0037624960142682716, 0.0037252086617839074, 0.0036221290770380777, 0.00372178032990772, 0.003476005593560717, 0.0035105375050761153, 0.0034250694128333766, 0.0032671396345284568, 0.003420624643602635, 0.003244733081406478, 0.003036913402620133, 0.0030995614532525213, 0.003191214355456729, 0.0031108552891773228, 0.003010362126136719, 0.0031106921840417935, 0.002941824446883554, 0.0030675197138685367, 0.00298077966631125, 0.003091303874956612], [0.00948479436023786, 0.006869468415031222, 0.006194676262806651, 0.005785405087806457, 0.005079339087242125, 0.004947406228845451, 0.004616228138880892, 0.004461957345719007, 0.004290877572198018, 0.004195093799627976, 0.004069613256681455, 0.0038499061909624548, 0.003820501546860336, 0.003515310129698608, 0.0036559327465491313, 0.0035389676427963115, 0.0034359208674469657, 0.003374281908152138, 0.0032831589931027437, 0.0032878936845278654, 0.0032720296256160374, 0.0031051337641572942, 0.003195517133070125, 0.0030757095664859097, 0.00313715807908426, 0.0030066751327666027, 0.002998165888957881, 0.0028503147701190814, 0.0029095091185849823, 0.0028689750555358474]]]
